50.7522656187
50.7522656187
50.7522656187
50.7522656187
50.7454487128
50.7458497073
50.7458497073
50.7458497073
50.7458497073
50.7458497073
50.7458497073
50.7458497073
50.7458497073
50.7458497073
50.7458497073
50.7458497073
50.7458497073
50.7458497073
50.7458497073
50.7458497073
50.7458497073
50.7458497073
50.7458497073
50.7458497073
50.7458497073
50.7458497073
50.7458497073
50.7458497073
50.7458497073
50.7458497073
50.7458497073
50.7458497073
50.7458497073
50.7458497073
50.7458497073
50.7458497073
50.7458497073
50.7458497073
50.7458497073
50.7458497073
50.7458497073
50.7458497073
50.7458497073
50.7458497073
50.7425415029
50.7425415029
50.7425415029
50.7425415029
50.7425415029
50.7425415029
50.7425415029
50.7425415029
50.7425415029
50.7425415029
50.7425415029
50.7425415029
50.7425415029
50.7425415029
50.7425415029
50.7425415029
50.7425415029
50.7425415029
50.7425415029
50.7425415029
50.7425415029
50.7425415029
50.7425415029
50.7425415029
50.7425415029
50.7425415029
50.7425415029
50.7425415029
50.7425415029
50.7425415029
50.7425415029
50.7425415029
50.7425415029
50.7425415029
50.7425415029
50.7425415029
50.7425415029
50.7425415029
50.7425415029
50.7425415029
50.7425415029
50.7425415029
50.7425415029
50.7425415029
50.7425415029
50.7425415029
50.7425415029
50.7425415029
50.7425415029
50.7425415029
50.7425415029
50.7425415029
50.7425415029
50.7425415029
50.7425415029
50.7425415029
50.7425415029
50.7425415029
50.7425415029
50.7425415029
50.7425415029
50.7425415029
50.7425415029
50.7425415029
50.7425415029
50.7425415029
50.7425415029
50.7425415029
50.7425415029
50.7425415029
50.7425415029
50.7425415029
50.7425415029
50.7425415029
50.7425415029
50.7425415029
50.7425415029
50.7425415029
50.7425415029
50.7423410057
50.7423410057
50.7423410057
50.7423410057
50.7423410057
50.7423410057
50.7423410057
50.7423410057
50.7423410057
50.7423410057
50.7423410057
50.7423410057
50.7423410057
50.7423410057
50.7423410057
50.7423410057
50.7423410057
50.7423410057
50.7423410057
50.7423410057
50.7392332986
50.7392332986
50.7392332986
50.7392332986
50.7392332986
50.7392332986
50.7392332986
50.7392332986
50.7392332986
50.7392332986
50.7392332986
