19.0476190476
14.2857142857
10.5263157895
14.2857142857
15.0
15.0
14.2857142857
10.5263157895
10.0
18.1818181818
10.5263157895
10.5263157895
14.2857142857
15.0
14.2857142857
10.5263157895
10.0
18.1818181818
10.5263157895
10.0
15.0
14.2857142857
10.5263157895
15.0
10.0
19.0476190476
15.0
10.0
14.2857142857
10.5263157895
10.0
19.0476190476
10.0
10.5263157895
14.2857142857
14.2857142857
10.5263157895
14.2857142857
10.5263157895
10.0
19.0476190476
10.0
10.0
19.0476190476
10.5263157895
18.1818181818
15.7894736842
10.0
14.2857142857
15.0
25.0
35.0
33.3333333333
30.0
15.0
15.0
10.0
19.0476190476
10.0
10.5263157895
19.0476190476
15.0
19.0476190476
10.5263157895
14.2857142857
15.0
10.5263157895
18.1818181818
10.0
10.5263157895
14.2857142857
15.0
10.5263157895
19.0476190476
10.0
14.2857142857
14.2857142857
10.5263157895
14.2857142857
10.0
15.0
14.2857142857
10.5263157895
10.0
19.0476190476
10.5263157895
18.1818181818
10.5263157895
20.0
15.0
14.2857142857
15.0
10.0
15.0
10.0
10.5263157895
18.1818181818
5.26315789474
14.2857142857
15.0
10.0
10.0
19.0476190476
15.0
20.0
15.0
10.0
14.2857142857
10.5263157895
15.0
35.0
33.3333333333
35.0
19.0476190476
10.5263157895
14.2857142857
10.0
10.0
15.0
15.0
14.2857142857
10.0
15.0
15.0
15.0
10.0
19.0476190476
10.0
19.0476190476
14.2857142857
10.5263157895
14.2857142857
10.5263157895
14.2857142857
14.2857142857
10.5263157895
10.0
15.0
14.2857142857
10.0
14.2857142857
10.0
10.5263157895
19.0476190476
10.0
23.8095238095
10.0
10.0
15.0
14.2857142857
15.0
10.0
15.0
15.0
